Template: NONE
DangerType: Blizzard
CeilingDrips: 0
WaveSpeed: 0.5104131
WaveLength: 0.9284669
WaveAmplitude: 0.0131609
SecondWaveLength: 1
SecondWaveAmplitude: 0.0001
Clouds: 0.09279865
Grime: 0
RandomItemDensity: 0.25
RandomItemSpearChance: 0.25
Effects: LightBurn-0.03866627-20-20, 
PlacedObjects: SnowSource><2354.844><499.6854><Radial~247.5875~-5.955566~-67~-29.39746~1~0, SnowSource><2081.49><306.5783><Radial~73.9917~123.4667~206~-85.39746~0.9304013~0, SnowSource><1887.622><470.765><Radial~147.2719~77.24445~398.65~-419.3308~0.5282726~0.3789288, SnowSource><1798.011><253.0894><Radial~160.0781~48.08893~484.2634~-287.4864~0.5360054~0, SnowSource><1505.881><140.0431><Radial~0~100~273~-175.3975~0.7293369~0, DangleFruit><1647.876><454.9469><-98.00519~151~4~6, LightSource><261.9596><333.7634><0.04881088~Environment~167.1927~23.91113~-454.2188~-279.9752~1~0~None~0~0, LightBeam><360.4728><354.7778><162.2125~526.4~331.6979~479.4667~281.1844~241.7777~-547.5229~125.4~0.1989353~1~0~1~None~0~0, LightBeam><591.5432><352.9751><-19.20935~360.7111~143.1614~355.0222~262.6865~91.73331~278.9042~-404.4445~0.5237334~0~0~1~None~0~0, CentipedeAttractor><69.81477><264.9341><0~100, SnowSource><574.907><321.1479><Radial~0~100~-435~-372.3975~1~0, SnowSource><541.508><612.5529><Radial~187.825~44.53333~50~86.60254~0.4354732~0, SnowSource><722.4142><235.1633><Radial~64.03125~132~-331~-285.3975~0.6210712~0, SnowSource><422.5746><144.2176><Radial~54.78229~164.7111~-537.8073~-191.3752~0.4818726~0, SnowSource><399.5936><325.6667><Radial~3.557251~79.37778~-590~-67.39746~0.6520041~0, SnowSource><983.364><445.6757><Radial~48.37918~159.0222~315.1344~137.3581~0.4664068~0.4639946, SnowSource><940.7876><188.423><Radial~120.9479~83.64449~-52.34888~-236.0197~0.7293363~0, SnowSource><1261.916><213.2294><Radial~79.68335~109.2444~12.68433~-251.4863~1~0, SnowSource><2480.857><552.6653><Radial~-7.82605~98.57782~-200~20.60254~1~0, DangleFruit><1882.065><483.4187><-91~122~4~6, SnowSource><906.996><523.5031><Radial~7.82605~69.42224~230.7529~-26.39746~1~0, SnowSource><711.0706><460.5883><Radial~87~88~-75~-508.3975~1~0.479461, SnowSource><287.6469><506.3642><Radial~136~28~-480~-160.3975~0.6956522~0.2165308, SnowSource><272.8157><221.1723><Radial~139~65~-465~-57.39746~0.5760869~0.2783966, LocalBlizzard><2324.143><570.0244><-727.8219~-151.0223~50~86.60254~0.752537~0.7242631~0.9666562, SnowSource><1588.814><308.9416><Radial~0~100~-61~-344.3975~0.4354732~0, SnowSource><1712.263><183.1552><Radial~0~100~317.1615~-216.6641~0.7525363~0, SnowSource><1285.764><389.0256><Radial~0~100~998.0093~0.6025391~0.6984034~0, SnowSource><2044.581><293.0977><Radial~0~100~240~-154.3975~1~0, SnowSource><1404.589><283.5139><Radial~0~100~-8.867676~211.0692~0.4509397~0, SnowSource><1578.524><441.7334><Radial~29.16992~133.4222~708~-137.3975~0.7293356~0, SnowSource><997.589><612.3478><Radial~158.6552~117.7778~47~-28.39746~0.3658739~0.4949274, ReliableSpear><275.3808><530.1605><, BlueToken><2224.594><501.8759><25~-50~-184.0123~63~1~BigSpider~White|Yellow|Red|Rivulet|Artificer|Saint|Spear|Gourmand~0~0~0~0, DeadTokenStalk><875.1025><562.4218><13~80, Stowaway><781.1072><645.89><0~-79, 
AmbientSounds: OMNI><AM_ENV-CityTone.ogg><207.2141><317.1732><0.4690668><0.6659237, SPOT><AM_WIN-HowlingWnd.ogg><941.0746><555.4904><0.5077335><1><2310.765><664.4015><-400.3335><-269.3109><0><0.3397303, SPOT><MSC-LowGroans.ogg><720.4414><307.5659><0.1752041><1.222718><226.455><350.8548><-211.0855><-297.7554><0.1933315><0.1927988, SPOT><AM_WIN-SubWnd.ogg><742.4091><485.8779><0.5232006><1><611.9778><709.7891><228.5958><-501.8442><0><0.1927994, SPOT><Mech Basic.wav><587.1176><134.855><0.1674705><1.292316><1503.981><410.7439><32.23322><-91.53311><0><0.1, 
FadePalette: 10, 0.6186595, 0.4949276, 0.317063
WetTerrain: OFF
