Template: VS_SettingsTemplate_Surface
DangerType: Blizzard
CeilingDrips: 0
WaveSpeed: 0.6205326
WaveLength: 0.6897337
WaveAmplitude: 0.04999999
SecondWaveLength: 1
SecondWaveAmplitude: 0.0001
Grime: 0.326087
RandomItemDensity: 0.25
RandomItemSpearChance: 0.25
Palette: 0
Effects: Coldness-1-20-20, Dustpuffs-1-30-30, 
PlacedObjects: SnowSource><519.9092><5688.129><Radial~1275~765~132~-398.3975~0.8043478~0.6630435, SnowSource><-155.342><5800.428><Radial~466~-416~50~86.60254~0.7500001~0.5000001, CustomDecal><504.0505><5459.485><-31~47~53~89~68~45~398~-21~0.6413044~1~0~hoko batfly~0.7282609~0.4456522~0.7282609~0.4456522~0.7282609~0.4456522~0.7282609~0.4456522, CustomDecal><497.6829><5527.812><14~82~90~57~66~-8~402~216~0.5~1~0~hoko batfly~0.5434783~0.4021739~0.5434783~0.4021739~0.5434783~0.4021739~0.5434783~0.4021739, CustomDecal><453.6028><5519.386><-47~41~24~102~77~51~454~-396~0.6630435~1~0.2717391~hoko batfly~0.6847826~0.2391304~0.6847826~0.2391304~0.6847826~0.2391304~0.6847826~0.2391304, CustomDecal><402.9266><5551.094><-59~134~-195~78~-162~-61~-505~-251~0.5869565~1~0~hoko scav1~0.423913~0.06521739~0.423913~0.06521739~0.423913~0.06521739~0.423913~0.06521739, SnowSource><114.8681><4320.35><Radial~-9~72~50~86.60254~0.4021739~0.01086957, SnowSource><309.3071><1932.447><Radial~11~69~50~86.60254~0.5326087~1, 
AmbientSounds: SPOT><AM_WIN-HowlingWnd.ogg><864.6321><515.5999><0.423913><0.5304348><591.6321><76.59985><4.644653><380.6447><0><0.8391306, 
FadePalette: 8, 0.25, 0.2826087, 0.3152174, 0.3913043, 0.4891304, 0.5760869, 0.6413044, 0.7282609
WetTerrain: OFF
