Template: NONE
DangerType: Blizzard
CeilingDrips: 0
WaveSpeed: 0.4453316
WaveLength: 0.6914158
WaveAmplitude: 0.05624998
SecondWaveLength: 1
SecondWaveAmplitude: 0.0001
Clouds: 0.4130435
Grime: 0.2065217
BkgDroneVolume: 0.2569565
RandomItemDensity: 0.25
RandomItemSpearChance: 0.25
Palette: 0
EffectColorA: 4
EffectColorB: 18
Effects: Coldness-1-20-20, Dustpuffs-1-20-68, LightBurn-0.06521739-20-129, SkyDandelions-0.1521739-270-19, 
PlacedObjects: CustomDecal><1028.483><83.56786><-25~179~909~375~1259~93~145.9954~-387.9504~0~0.1521739~0~Long Tag~0~1~0~1~0.6413044~1~0.2717391~1, CustomDecal><1115.476><168.2653><-3~174~366~172~371~-8~-77~-471.8308~0~1~0~GreySnoopy~0.3586957~0.2173913~0.5760869~0.5217391~0.2065217~0.4782609~0.3152174~0.4782609, CustomDecal><1750.442><142.9866><-12~196~281~214~268~-2~-854~-448~0~1~0~BrainGhosts~0.4565217~0.08695652~0.5978261~0~0.3586957~0.2173913~0.1304348~0.3478261, CustomDecal><1550.468><163.0345><-1~156~156~160~150~-2~-1400.974~-481.4507~0~1~0~BlueSmoker~0.3152174~0~0.8152174~0~0.2608696~0.4782609~0.1630435~0.7826087, CustomDecal><290.2582><125.0502><-84~168~855~170~797~-18~-420~-446~0.6521739~0.75~0~SquidSoup(B&W)~0.5869565~0.6413044~0.2391304~0~0~1~0.9891304~1, CustomDecal><1286.905><212.1231><-29~70~43~107~90~11~168~-517~0~1~0~WhiteTag2~0.4565217~0.4021739~1~0.4021739~0.5~0.4021739~0.5~0.4021739, CustomDecal><2165.113><136.646><-20~141~814~99~834~-24~708~-452~0.3043478~1~0~VeryBigSimple~0.5652174~0.8804348~0.6847826~0.7282609~0~0.5217391~0~0.5217391, CustomDecal><1142.85><209.6325><20~106~118~91~79~1~172~-514~0~1~0~RedGhostSquid~1~0~1~0~0.6413044~0.6630435~0.5434783~0.6847826, CustomDecal><2182.124><131.9068><0~116~409~108~406~-5~832~-447~0.3043478~1~0~SmugLips~0.7608696~0~1~0~0.5652174~0.6847826~1~0.4782609, CustomDecal><749.1818><129.3334><0~217.2004~328.7453~200.2004~294.7453~-13~-737~-451~0.6521739~0.7608696~0~WideRabbitHead~0.7282609~0~0.6630435~0~0.7065217~0.2065217~0~0.2391304, CustomDecal><2595.114><116.8969><3~138.769~311.972~135.769~306.972~-4~141~-436~0.3152174~1~0~PillMan~0.6630435~0~1~0~0.6304348~0.3043478~0.1086956~0.3369565, SnowSource><691.4456><504.4583><Radial~999~-601~272~37.60254~1~1, SnowSource><2639.134><501.1556><None~-1278~-527~367~-512.3975~0.5543478~0.5, SnowSource><769.6998><477.9897><Radial~-324~259~191~144.6025~1~0, DandelionPeach><1562.933><553.9183><-120~38~5~8, SnowSource><1732.868><-45.40033><UnSnow~-236~250~247~17.60254~0.3695652~1, SnowSource><2194.084><-43.88937><UnSnow~-46~121~37~16.60254~0.3043478~1, DandelionPatch><2602.069><172.9377><-39~131, DandelionPatch><1590.333><530.3179><-346~-59, DandelionPatch><711.0989><312.3689><-148~183, 
AmbientSounds: SPOT><AM_IND-Utility02.ogg><37.97754><489.5513><0.5><1><24.97754><456.5513><-136.3553><-82.35535><0><0.4695654, SPOT><AM_ENV-NatWind.ogg><216.9705><486.9478><0.3478261><1><1641.97><578.9478><-286.3553><-9.355347><0><0.4804349, SPOT><AM_IND-Utility02.ogg><32.37085><367.0906><0.4347826><1><3147.371><457.0906><-105.3553><-144.3553><0><0.2739132, SPOT><AM_ENV-NatWind.ogg><212.9241><367.3483><0.326087><1><2631.924><581.3483><-177.3553><37.64465><0><0.4152175, OMNI><AM_ENV-NatWind.ogg><830.5011><628.05><0.2065217><1, 
FadePalette: 14, 0.3804348, 0.3695652, 0.3804348
WetTerrain: OFF
