Template: LF_SettingsTemplate_Farms
DangerType: Blizzard
CeilingDrips: 0
WaveSpeed: 0.5064982
WaveLength: 0.7155009
WaveAmplitude: 0.05624998
SecondWaveLength: 1
SecondWaveAmplitude: 0.0001
BkgDroneVolume: 0.2569565
RandomItemDensity: 0.25
RandomItemSpearChance: 0.25
Effects: Flies-0-3-25, LightBurn-0.0326087-5-82, 
PlacedObjects: DevToken><1502.076><320.0652><24~-80~419~-185~0~~~0~0~0~1, InsectGroup><1941.448><390.9756><-32~113~-16~-324~RedSwarmer~0.3043531, ReliableSpear><961.0767><515.6847><, CustomDecal><136.4355><183.8246><-31~199~614~201~575~-16~-59~-430~0.3043478~0.4130435~0~BigGreen~0.6956522~0.2065217~1~0.2282609~0.6630435~1~0.5869565~1, CustomDecal><956.448><883.723><69~261~682~257~736~4~117~-338~0.6521739~1~0~MonkeyFace~0.1521739~0~0.2608696~0~0.6086956~0.2282609~0.4891304~0.6630435, CustomDecal><195.5813><884.9327><-28~250~723~245~691~-6~-379~298~0.6521739~1~0~GreySnoopy~0.75~0~0.2934783~0~0.1847826~0.5869565~0.09782609~1, CustomDecal><300.2549><946.95><25~92~144~89~77~-20~-486~-62~0~1~0~RedGhostSquid~0.173913~0~0.7608696~0~0.1521739~0.6847826~0.1847826~0.5108696, CustomDecal><211.8591><142.142><-7~72~102~105~120~15~139~-389~0.3043478~1~0~AntMan~0.7065217~0~0.3586957~0~0.5543478~0.5652174~0.25~0.5760869, CustomDecal><1540.64><950.1667><22~162~324~165~391~-20~-174~-406~0.6304348~1~0~GreyBubbly~0.1304348~0~0.5543478~0~0~0.5~0.9347826~0.6304348, CustomDecal><1420.885><912.3972><0~160~284~157~264~2~230~-316~0.5978261~1~0~WhiteUnfinished~0.1847826~0~0.2391304~0~0.6521739~0.4891304~0.8369565~0.5, CustomDecal><1833.344><941.1254><-24~81~61~87~81~1~80~-345~0~1~0~WhiteTag8~0.5~0~0.05434782~0~0.75~0.4782609~0.4130435~0.5108696, CustomDecal><2003.554><306.5195><0~212.5572~81.92902~212.5572~81.92902~0~-217~-545~0.3152174~1~0~OwlMan~0.6086956~0~0.5978261~0~0.6304348~0~0~0.5543478, CustomDecal><852.8047><193.2932><24~203~1057~190~1205~33~-82~-435~0.6956522~1~0~WetWhite~0~0.173913~0.4891304~0.2282609~0.4891304~0.6195652~0.1956522~1, CustomDecal><625.1537><215.3247><-45~129~198~173~227~21~4~-461~0.326087~1~0~WhiteBubblyS~1~0~0.6521739~0~0~1~1~1, CustomDecal><106.9457><221.2913><0~154~137~154~137~0~-172~-468~0.326087~1~0~ContemplativePig~0.4130435~1~1~1~0.7391304~1~1~1, CustomDecal><229.3553><235.3881><0~123.3335~414.6806~63.33354~370.6806~-38~-430~-481~0.3586957~0.5108696~0~WhiteTag12(BigO)~1~0~1~0~1~1~0.3478261~1, CustomDecal><887.3979><135.3655><-29~310~128~283~108~0~-676~-382~0.3695652~1~0~TallSquid~0.8043478~0~0.7282609~0~0.2391304~1~0.8695652~1, CustomDecal><1982.698><224.5279><-2~548~188~557~130~-178~-56~-461~0.2717391~1~0~Rust3~1~1~1~1~1~1~0~1, CustomDecal><465.801><127.7303><1~96~175~84~148~-10~23~-372~0.2826087~1~0~WhiteTag13(Bubbly)~1~0.5652174~1~0.5652174~0.4565217~0.5652174~0~0.5652174, ReliableSpear><1577.062><230.9319><, SnowSource><863.8859><803.3532><Radial~1266~760~1061~681.6025~1~1, SnowSource><249.8766><301.1548><Radial~872~-152~-357~-232.4137~0.75~0.75, SnowSource><1626.933><205.4208><Radial~665~-291~293~38.60254~1~1, SnowSource><253.119><279.3488><UnSnow~109~118~-109~-214.3974~0.5543478~0.6630435, SnowSource><660.0366><202.4466><UnSnow~191~192~-263~-137.3975~0.4456518~0.6630433, SnowSource><1493.628><30.84117><UnSnow~-177~307~180.0002~2.601871~0.2064109~0, 
AmbientSounds: SPOT><AM_ENV-NatWind.ogg><60.76947><500.199><0.3913043><1><-61.23053><738.1965><164.6447><-229.3553><0><0.4586958, SPOT><AM_IND-Utility02.ogg><58.05206><258.7212><0.3695652><1><2156.052><424.7212><-73.35535><-181.3553><0><0.3500001, SPOT><AM_ENV-NatWind.ogg><245.724><372.6983><0.4782609><1><1899.724><1422.698><-186.3553><-67.35535><0><0.6326088, SPOT><AM_ENV-NatWind.ogg><244.5533><498.5364><0.4347826><1><1097.553><1416.536><79.64465><-167.3553><0><0.3717393, SPOT><Basic Mech.ogg><246.5505><254.5149><0.1956522><1><-11.44946><962.5149><-168.3553><-33.35535><0><0.3608697, OMNI><AM_ENV-NatWind.ogg><814.5545><635.4577><0.3478261><1, 
FadePalette: 0, 0.2065217, 0.1956522, 0.2065217, 0.2065217
WetTerrain: OFF
