Template: LF_SettingsTemplate_Farms
DangerType: Blizzard
CeilingDrips: 0
WaveSpeed: 0.5256948
WaveLength: 0.7059026
WaveAmplitude: 0.05624998
SecondWaveLength: 1
SecondWaveAmplitude: 0.0001
Grime: 0.4782609
BkgDroneVolume: 0
RandomItemDensity: 0.25
RandomItemSpearChance: 0.25
Palette: 0
EffectColorB: 18
Effects: Darkness-0.06521739-8-66, Coldness-1-273-8, Dustpuffs-1-275-67, Flies-0-6-11, LightBurn-0.09782609-271-136, 
PlacedObjects: DeadSeedCob><3991.447><328.0341><, DeadSeedCob><3931.446><341.9612><, DeadSeedCob><3341.319><313.8122><, DeadSeedCob><2101.162><328.3834><, DeadSeedCob><1433.924><480.4008><, PuffBall><353.7504><268.05><-353~-154~6~9, FirecrackerPlant><1499.163><265.375><236~-294~6~10, FirecrackerPlant><1471.631><273.5988><10~-302~6~10, CustomDecal><367.8><119.7503><-6~212~118~208~118~0~329.9998~-426~0.173913~1~0.4347826~RustB1~0.6956522~0.5652174~0.6956522~0.5652174~0.6956522~0.5652174~0.6956522~0.5652174, CustomDecal><647.6921><112.1945><-14~222~124~230~110~-40~189.0883~-420~0.2391304~1~0.5434783~Rust3~0.7608696~0.5869565~0.7608696~0.5869565~0.7608696~0.5869565~0.7608696~0.5869565, CustomDecal><944.1018><31.57785><-38~314~88~318~116~-20~-524~-344~0.1521739~1~0.4565217~RustB3~0.8260869~0.2608696~0.8260869~0.2608696~0.8260869~0.2608696~0.8260869~0.2608696, CustomDecal><680.1876><88.31934><0~168~246~170~254~-8~-123~-396~0.1086956~1~0.5217391~SquareBird~0.8478261~0.1956522~0.8478261~0.1956522~0.8478261~0.1956522~0.8478261~0.1956522, CustomDecal><247.5995><200.4235><-2~182~416~188~448~52~28.99998~-515~0.2826087~0.5434783~0.3043478~ContemplativePig~0.4565217~0.1956522~0.4565217~0.1956522~0.4565217~0.1956522~0.4565217~0.1956522, CustomDecal><655.8266><127.0996><16~140~282~208~280~-108~-514.0003~-442.0007~0.1304348~1~0.5869565~DirtyWaterLine~0.8477047~0.3478261~0.8477047~0.3478261~0.8477047~0.3478261~0.8477047~0.3478261, CustomDecal><633.7><260.5039><6~182~378~116~332~-88~-634~-576~0.2826087~1~0~Pink Tag~0.3695652~0.3043478~0.3695652~0.3043478~0.3695652~0.3043478~0.3695652~0.3043478, CustomDecal><328.7708><394.4489><-12~268~1416~284~1409~-14~647.9999~-702~0.5~1~0.5217391~VeryBigSimple~0.4130435~1~0.4130435~1~0.4130435~1~0.4130435~1, RedToken><504.449><313.4807><0~-73~-424~-321~0~LF~~0~0~1~0, DeadTokenStalk><425.9452><334.2064><-9~-87, DeadTokenStalk><616.1214><332.8468><-23~-94, SnowSource><1315.301><609.5137><None~-1282~-640~-579~-61.39746~0.6195652~1, SnowSource><3279.376><643.9072><Radial~-1285~-676~-547~-247.3975~0.9201236~0.5, SnowSource><4194.774><515.9485><Radial~-930~-459~-166~-548.3975~1~0.4565217, DeadSeedCob><1862.181><332.8363><, DeadSeedCob><1783.993><384.9499><, SnowSource><3612.818><370.0821><UnSnow~6~68~165~-402.3975~0.3369565~0, FirecrackerPlant><1314.802><328.2799><-86~-357~6~10, ReliableSpear><948.9069><266.8773><, ReliableSpear><396.8847><267.1385><, SporePlant><4107.184><332.0787><-82~-282~7~10, DeadSeedCob><2782.45><335.7522><, DeadSeedCob><2575.253><300.95><, 
AmbientSounds: SPOT><AM_ENV-WindGrass.ogg><682.6985><497.1933><0.5><1><3619.698><124.1933><-337.3553><20.64465><0><0.2304349, SPOT><AM_ENV-WindGrass.ogg><858.6315><492.6611><0.5><1><2717.632><60.6611><-211.3553><96.64466><0><0.2086958, SPOT><AM_SUB-CaveTone.ogg><489.6567><497.3231><0.4130435><1><133.6567><-3.67691><646.6447><198.6447><0><0.4478262, SPOT><SO_WAT-ProperDrips.ogg><854.9437><367.0496><0.5><1><444.9437><260.0496><162.6447><-1.355347><0><0.1652175, SPOT><SO_WAT-RunningWater.ogg><678.9499><384.4933><0.2391304><1><772.9499><45.49332><-161.3553><22.64466><0><0.1869567, OMNI><AM_ENV-NatWind.ogg><832.9499><614.0064><0.2934783><1, 
FadePalette: 14, 0.3804348, 0.3695652, 0.3804348, 0.3586957
WetTerrain: OFF
