Template: LF_SettingsTemplate_Farms
DangerType: Blizzard
CeilingDrips: 0
WaveSpeed: 0.4469169
WaveLength: 0.6922084
WaveAmplitude: 0.05624998
SecondWaveLength: 1
SecondWaveAmplitude: 0.0001
BkgDroneVolume: 0.3221741
RandomItemDensity: 0.25
RandomItemSpearChance: 0.25
Effects: Flies-0-20-20, LightBurn-0.02173913-14-91, Coldness-1-283-15, Dustpuffs-1-287-75, SkyDandelions-0.2065217-283-135, 
PlacedObjects: PuffBall><5089.843><106.6243><-49~-81~0~3, PuffBall><5044.449><101.7287><-2~-148~0~3, PuffBall><150.5698><122.8367><-203.9837~-142~0~3, CustomDecal><2858.2><195.8484><-6~202~1112~145~1169~-72~-279~-475~0~1~0~VeryBigSimple~0~1~0.5543478~1~0.5652174~1~0~1, CustomDecal><2889.527><170.6982><-5~182~310~189~313~7~-265~-442~0~1~0~ChaoticB&W~0.6413044~0.5217391~0.326087~0.5217391~0.3695652~0.5217391~0.1195652~0.5217391, CustomDecal><3193.132><84.5994><-50~285~797~314~692~-95~248~-386.9999~0~1~0~RustB3~0.7608696~1~0.7608696~1~0~1~0.4565217~1, CustomDecal><3562.185><221.9244><44~118~227~82~114~-48~-150~-526~0~1~0~BlueSmoker~0.5978261~0.2391304~0.3043478~0.2934783~0.7717391~1~0.423913~0.2934783, CustomDecal><913.4304><152.4375><15~129~-526~133~-497~-12~-766~-475~0.6413044~1~0~CrudeGrey~0.5978261~0.1630435~0.6086983~0.2934783~0~1~0~1, CustomDecal><280.3818><6.161331><4~425.2542~698.0021~336.2542~685.0021~-27~-415~-331~0~1~0~Rust1~0.6086956~1~1~1~0~1~0~1, CustomDecal><421.3015><169.726><0~109.8428~496.2138~116.8428~492.2138~-7~-416.0092~-491.9881~0.6086956~1~0~BlueFace~0.5326087~0~0.5762462~0~0.326087~0.7282609~0.326087~0.4565217, CustomDecal><3934.773><176.8014><2~93~203~102~190~-4~-398~-479.2747~0.6304348~1~0~Birdy~1~0~1~0~0.5978261~0.7282609~0.7608696~0.7391304, SnowSource><1173.059><495.4411><None~-1280~-516~-217.0005~127.6028~0.75~0.5, SnowSource><3218.589><514.8687><None~1019~-522~-238~-271.3975~0.6195652~0.5108696, SnowSource><4589.564><189.5605><Radial~774~528~-119.002~-233.3952~1~0.2934783, SnowSource><3213.402><722.4709><Radial~767~-364~140~-161.393~0.8043478~0.6521739, SnowSource><944.0662><509.9213><Radial~787~-368~421~-224.3975~0.7391304~1, SnowSource><363.6948><-50.79547><UnSnow~-21~222~50~86.60254~0.3369565~0.2173913, SnowSource><791.1755><-50.81444><UnSnow~-66~209~161~4.602539~0.3804348~0, SnowSource><677.5513><488.6948><UnSnow~-75~148~278.0001~54.60254~0.4456522~0.3804348, SnowSource><171.8057><522.2028><UnSnow~0~100~-314~20.60254~0.3369565~0, DandelionPatch><716.3266><632.1283><-190~-77, DandelionPatch><881.6966><189.7113><-15~57, DandelionPatch><1085.611><572.6812><83~-93, DandelionPatch><3514.422><349.4472><-133~-119, DandelionPatch><3044.989><348.0704><92~107, FirecrackerPlant><4986.93><204.5582><-196~-175.1341~4~7, FirecrackerPlant><4955.93><196.9246><-164~-245~4~7, 
AmbientSounds: SPOT><AM_ENV-NatWind.ogg><13.66589><502.8618><0.4456522><1><5179.667><515.101><-153.3553><-123.3553><0><0.4695654, SPOT><AM_WIN_Hilltop.ogg><10.27374><386.3014><0.5217391><1><3384.292><479.3177><-195.3553><-276.3553><0><0.3608697, SPOT><AM_ENV-NatWind.ogg><5.601563><266.4223><0.3478261><1><2178.602><534.4222><-55.35535><-197.3553><0><0.502174, SPOT><AM_ENV-NatWind.ogg><3.066406><119.8293><0.3804348><1><959.1805><623.8062><135.6447><-232.3553><0><0.4804349, SPOT><AM_IND-ElectricHum02.ogg><190.6655><122.3187><0.1956522><1><923.6262><194.9156><-35.35534><-35.35534><0><0.252174, SPOT><AM_ENV-NatWind.ogg><197.3632><501.5851><0.3586957><1><-26.29152><607.2514><99.64465><-132.3553><0><0.4152175, SPOT><AM_ENV-WindGrass.ogg><198.4549><255.6949><0.2717391><1><331.3968><225.3213><16.64465><-94.35535><0><0.252174, SPOT><AM_ENV-NatWind.ogg><201.7054><378.8051><0.326087><1><4157.705><633.8085><208.6447><-105.3553><0><0.3934784, SPOT><AM_ENV-NatWind.ogg><378.6905><123.9391><0.3913043><1.117391><2821.199><616.0191><-166.3553><4.644653><0><0.4804349, OMNI><AM_ENV-NatWind.ogg><733.4395><487.6861><0.3043478><1, 
FadePalette: 0, 0.3695652, 0.4891304, 0.6086956, 0.6413044, 0.7282609
WetTerrain: OFF
