Template: LF_SettingsTemplate_Farms
DangerType: Blizzard
CeilingDrips: 0
WaveSpeed: 0.5094494
WaveLength: 0.7140253
WaveAmplitude: 0.05624998
SecondWaveLength: 1
SecondWaveAmplitude: 0.0001
BkgDroneVolume: 0.2569565
RandomItemDensity: 0.25
RandomItemSpearChance: 0.25
Effects: Flies-0-20-20, Coldness-1-17-84, Dustpuffs-1-273-15, LightBurn-0.05434782-267-74, SkyDandelions-0.25-263-131, 
PlacedObjects: CustomDecal><3398.55><389.5098><-10~-220~778~-308~876~100~-144~-669~0.3043478~0.5326087~0~Long Tag~1~1~0~1~0~1~0~1, CustomDecal><3646.381><175.599><9~203~528~199~546~-6~-431~-474.0222~0.326087~0.3913043~0~YellowFrog~0.4130435~0~1~0~0.4456522~0.4130435~0.5978261~0.423913, CustomDecal><4861.054><171.4619><3~155~574~249~575~-38~125~-481~0.2934783~0.3695652~0~LongWhiteUgly~0~0~0.6630435~0~0.5543478~0.8804348~0~1, CustomDecal><4080.448><209.7809><13~212~255~208~279~-13~768~-521~0.6195652~1~0~SR~0.0326087~0~0.2282609~0~0.5~0.3804348~0.6956522~0.6956522, CustomDecal><1466.14><180.8929><10~371~-111~362~-122~1~-194~-480.0061~0.2826087~1~0~OwlMan~0.6195652~0~0.7173913~0~0.3369565~0.2065217~0.5543478~0.1847826, CustomDecal><3871.953><68.19443><0~190~108~190~108~0~-620~-319~0.3043478~1~0~TallSquid~1~0~1~1~0.173913~1~1~1, CustomDecal><330.3574><122.3597><11~258~1055~260~1032~6~142.8657~-412.6448~0.6304348~1~0~CandyTag~0.08695652~0~0.4130435~0~0~1~0.6739131~1, CustomDecal><255.9094><297.3707><-13~190~87~196~111~7~335.0004~-600.9691~0~1~0~TallSquid~0.7608696~0~0.75~0.3152174~0.6521739~1~0.2391304~0.7173913, CustomDecal><302.6241><194.1568><0~145.6416~160.0745~145.6416~160.0745~0~41.00003~-524~0~1~0~WhiteBubblyS~0.8586956~0~0.8586956~0.5869565~0~1~0.8586956~1, CustomDecal><-54.55829><-41.19302><0~838.7566~785.4085~856.5394~752.8067~-20.74664~439~-260.9999~0~1~0~RustB1~0.3478261~1~0~1~1~1~0~1, CustomDecal><1196.666><28.13895><-41~774.6726~428.1476~810.6726~404.1476~-30~177~-330.5049~0~1~0~Rust3~0~1~1~1~1~1~0~1, CustomDecal><3780.007><218.9499><-8~50~187~133~138~5~-567~-507~0.3152174~1~0~WhiteTag3~1~0~1~0~1~1~0.1413043~0.9021739, CustomDecal><776.9816><176.0508><0~180.4216~384.4699~180.4216~384.4699~0~-334.0149~-496.0296~0.6847826~1~0~PillMan~0.5869565~0~0.8804348~0~0~0.2934783~0.4782609~0.6304348, DeadSeedCob><3525.86><342.6672><, SnowSource><3920.682><513.6881><None~1271~-525~50~86.60254~0.8042178~0.5, SnowSource><1306.813><404.6797><None~1510~-390~-273~178.6025~0.5217192~0.7065217, SnowSource><-143.6835><400.8295><Radial~908~-419~50~86.60254~1~0.5, SnowSource><1271.55><203.9968><Radial~674~152~13~381.6025~1~0.6086956, SnowSource><4837.45><300.5114><Radial~494~348~150.0022~243.6025~1~0.5, DeadSeedCob><3491.83><367.1389><, SnowSource><4849.13><357.9114><UnSnow~-1~149~138~274.6025~0.5543478~0.5543478, DandelionPeach><4607.663><256.1815><374.998~-260~5~8, DandelionPatch><4171.199><210.0012><0~100, 
AmbientSounds: SPOT><AM_ENV-NatWind.ogg><50.04138><275.9457><0.3804348><1><-131.9568><566.9457><60.64466><-190.3553><0><0.4152175, SPOT><AM_ENV-WindGrass.ogg><45.94476><158.2046><0.3369565><1><2247.945><88.20462><-209.3553><-49.35535><0><0.4369566, SPOT><AM_ENV-WindGrass.ogg><47.9472><39.21661><0.3586957><1><2712.947><68.21661><-159.3553><-93.35534><0><0.2847827, SPOT><AM_ENV-WindGrass.ogg><229.8712><275.9091><0.3152174><1><3285.871><145.9091><-156.3553><-113.3553><0><0.3173914, SPOT><AM_ENV-NatWind.ogg><842.1651><44.36292><0.3804348><1.03913><3887.165><603.3629><-219.3553><-42.35535><0><0.3608697, SPOT><AM_ENV-NatWind.ogg><1027.964><47.19672><0.4130435><1><5011.964><463.1967><-202.3553><-217.3553><0><0.502174, SPOT><OM.wav><228.4731><30.80179><0.1521739><1><4840.473><315.8018><-91.35535><-56.35535><0><0.3717393, SPOT><AM_ENV-NatWind.ogg><231.9866><156.4496><0.3478261><1.078261><2683.993><607.4472><-219.3553><-12.35535><0><0.3173914, OMNI><AM_ENV-NatWind.ogg><828.6859><604.9395><0.3695652><1, 
FadePalette: 0, 0.25, 0.2608696, 0.2391304, 0.25, 0.25
WetTerrain: OFF
