Template: LF_SettingsTemplate_Farms
DangerType: Blizzard
CeilingDrips: 0
WaveSpeed: 0.4982034
WaveLength: 0.7178518
WaveAmplitude: 0.05624998
SecondWaveLength: 1
SecondWaveAmplitude: 0.0001
BkgDroneVolume: 0.2569565
RandomItemDensity: 0.25
RandomItemSpearChance: 0.25
Palette: 0
Effects: Coldness-1-10-54, Dustpuffs-1-5-98, Flies-0-6-10, LightBurn-0.02173913-264-6, 
PlacedObjects: DeadSeedCob><1064.111><1524.416><, CustomDecal><1724.752><207.95><-3~513~474~508~471~-3~-186~-339~0.2608696~1~0~UNQ - SingBox~1~0~1~0~0~0.6630435~0.7717391~1, CustomDecal><1804.19><254.1864><-24~120~203~185~224~7~-616~-392~0.3043478~0.3913043~0~WhiteJunkArrows~0.2282609~0~0.75~0~1~0.5543478~1~0, CustomDecal><2047.145><281.8884><17~104~-81~115~-115~26~-255~-424~0.2717391~1~0~AntMan~0.6956522~0~1~0~1~0.4347826~0.6195652~0.5543478, CustomDecal><1846.624><364.5927><44~279~-498~271~-495~7~-548~-479~0.8043478~1~0~AwfulLongB&W~0.5217391~0.7065217~0~0.7065217~0~0.7065217~0.1630435~0.7065217, CustomDecal><1544.458><262.1956><5~72~110~77~70~-21~-977~-458~0.326087~1~0~WhiteTag2~0.5~0.326087~0.5~0.326087~0.5~0.326087~0.5~0.326087, CustomDecal><-31.89844><325.4223><-90~222~508~274~468~-27~185~-520~0.1956522~0.4130435~0~BadSkin~0.4673913~0.423913~1~0~0.1956522~0.5434783~0.3804348~1, CustomDecal><135.4293><264.6613><-42~130~169~160~176~27~-119~-459~0.173913~0.3804348~0~CrudeBubblyB&W~0.7391304~0~1~0~0.7391304~0.8478261~0~0.6521739, CustomDecal><412.9429><271.6971><-6~136~198~140~173~-24~15~-468~0.3152174~0.3913043~0~CrudeBubblyB&W~0.5434783~0~0.7391304~0~0.4021739~1~0~0.6739131, CustomDecal><135.3351><392.3631><7~139~132~131~130~4~-260~-587~0.2391304~1~0~RoundBlack~1~0~1~0~0~0~0~0, CustomDecal><542.4167><234.6396><21~409~-691~435~-822~-51~-253~-431~0.1521739~0.3369565~0~Rust3~1~1~1~1~1~1~0~1, CustomDecal><1558.727><485.0514><0~83~230~83~230~0~416~-624~0.8152174~1~0~Birdy~1~0~1~0~0.2391304~0.9021739~1~0.423913, DeadTokenStalk><1252.338><713.5704><-9~57, BlueToken><1181.2><706.9948><8~60~-276~-67~1~PuffBall~~0~0~0~0, DeadSeedCob><976.1543><1495.426><, SnowSource><364.1953><846.4567><None~796~-763~7~-136.3975~0.4021739~1, SnowSource><1811.765><844.6995><Radial~-867~-760~-229~-341.3975~0.5543478~0.6086956, SnowSource><964.9351><2073.061><None~1042~-438~50~86.60254~0.5~1, SnowSource><1557.3><263.2568><Radial~650~152~-360~200.6025~1~0.9021739, SnowSource><400.6502><351.8679><Radial~482~-56~-432~-230.3975~0.6086956~0.75, DeadSeedCob><1004.444><1508.202><, SnowSource><1013.228><116.5512><UnSnow~5~239~-264~216.6025~0.2717391~0.75, 
AmbientSounds: SPOT><AM_WIN_Hilltop.ogg><13.73865><178.1997><0.4565217><1><1004.739><681.1997><-231.3553><-99.35535><0><0.3391306, SPOT><AM_ENV-NatWind.ogg><14.1925><293.9416><0.5><1><-85.8075><1466.942><156.6447><-238.3553><0><0.4695654, SPOT><AM_ENV-NatWind.ogg><206.8121><175.8184><0.4673913><1.097826><1969.812><1538.818><-255.3553><-135.3553><0><0.4152175, SPOT><AM_WIN_Hilltop.ogg><209.2554><294.3><0.4673913><1><1120.255><1532.3><171.6447><-261.3553><0><0.3717393, SPOT><AM_IND-Utility02.ogg><397.8949><297.1121><0.5><1><1065.895><2230.112><-209.3553><-59.35535><0><0.3934784, SPOT><AM_ENV-NatWind.ogg><397.9445><176.7035><0.5><0.9413043><10.94452><2095.703><199.6447><-144.3553><0><0.502174, OMNI><AM_ENV-NatWind.ogg><832.0814><633.1075><0.3152174><1, 
FadePalette: 3, 0.3043478, 0.2934783, 0.2934783, 0.1956522, 0.1847826, 0.173913
WetTerrain: OFF
