DangerType: Blizzard
CeilingDrips: 0
WaveSpeed: 0.2122414
WaveLength: 0.6061207
WaveAmplitude: 0.04999999
SecondWaveLength: 1
SecondWaveAmplitude: 0.0001
Grime: 0.2065217
BkgDroneVolume: 0
WaterReflectionAlpha: 0.2608696
Palette: 0
Effects: RedSwarmer-0-20-129, RockFlea-0-275-14, WaterDepth-0.1304348-278-76, Flies-0-16-19, Coldness-1-284-129, Dustpuffs-1-277-196, 
PlacedObjects: SnowSource><1852.139><699.0834><Radial~1276~727~50~86.60254~0.5869565~1, SnowSource><521.4218><1251.148><Radial~-597~-500~61~16.60254~0.5869565~1, SnowSource><2551.07><303.6634><Radial~-412~235~50~86.60254~0.5869565~1, SnowSource><554.6952><266.2939><Radial~-637~-467~50~86.60254~0.5978261~1, CustomDecal><2281.579><947.316><-12~276~282~256~273~9~-325~35~0.5760869~1~0.423913~the scream~0.1847826~0.1630435~0.4565217~0.1847826~0~0.3586957~0~0.2608696, CustomDecal><2619.183><941.8082><-28~266~375~254~298~-14~-660~115~0.6521739~1~0.1956522~rubber ducky~0.2173913~0.0326087~0.3913043~0.0326087~0~0.0326087~0.04347826~0.0326087, CustomDecal><3064.694><969.0503><-14~238~331~272~293~-12~764~-262~0.6304348~1~0.5~GummiWorms~0.1847826~0.3043478~0.5869565~0.3043478~0.08695652~0.3043478~0.0326087~0.3043478, CustomDecal><1985.322><911.8096><-94~131~1850~163~1756~-27~1019~-296~0.2717391~0.6956522~1~BadSkin~0~1~0.09782609~1~0.06521739~1~0~1, CustomDecal><3488.05><919.7376><-10~349~429~358~379~-74~357~-125~0.3043478~1~1~Big Letters~0.5434783~1~0.05434782~1~0.3478261~1~0~1, CustomDecal><80.74667><911.7><-20~364~559~341~557~-60~-148~-468~0.2717391~0.6304348~1~Big Tag~0.3152174~1~0.3152174~1~0.3152174~1~0.3152174~1, CustomDecal><427.102><901.6155><39~157~577~151~789~33~-267~-415~0.2826087~0.7717391~1~AwfulLongB&W~0.08695652~1~0~1~0~1~0.1847826~1, CustomDecal><658.0658><888.1888><-34~365~350~392~386~-14~-554~92~0.6413044~0.7391304~1~porl~0~0.4456522~0~0.4456522~0.5~0.4456522~0~0.4456522, 
AmbientSounds: OMNI><AM_ENV-CityTone.ogg><856.09><633.1786><0.2391304><1, SPOT><AM_WIN-StrongWnd2.ogg><857.4761><512.9486><0.4456522><1><1593.476><1461.949><-473.3553><-313.3553><0><0.3826088, SPOT><SO_IND-HeatDuct.ogg><677.1998><468.7592><0.2934783><1><140.1998><252.7592><-117.3553><-228.3553><0><0.3717393, SPOT><AM_ENV-NatWind.ogg><678.1042><586.387><0.326087><0.823913><1467.104><614.387><-300.3553><-334.3553><0><1, 
FadePalette: 10, 0.4673913, 0.5, 0.5326087, 0.5434783, 0.423913, 0.4456522, 0.4782609
WetTerrain: OFF
