Template: NONE
DangerType: Blizzard
CeilingDrips: 0
RainIntensity: 0.2608696
RumbleIntensity: 0.2391304
WaveSpeed: 0.5009771
WaveLength: 0.9261419
WaveAmplitude: 0.01467391
SecondWaveLength: 1
SecondWaveAmplitude: 0.0001
Clouds: 0.08695652
Grime: 0.3369565
BkgDroneVolume: 0.2469565
RandomItemDensity: 0.25
RandomItemSpearChance: 0.25
Palette: 0
EffectColorB: 18
PlacedObjects: CustomDecal><290.9343><293.1889><-31~381~618~386~539~-6~-66~-618~0.6630435~0.7934783~0~BigScaryBlueFace~0.2282609~0.2065217~1~0.2065217~0.2608696~0.2065217~0.3913043~0.2065217, CustomDecal><290.8035><293.037><-31~381~619~384~539~-6~-208~-617~0.1521739~0.6413044~0~BigScaryBlueFaceTears~0.2282609~0.2717391~1~0.2717391~0.7608696~0.2717391~0.5869565~0.2717391, CustomDecal><595.9421><282.8086><30~115~-403~116~-391~-21~-235~-604~0.3152174~0.4130435~0~CryWhale~0.5~0.5108696~0.5~0.5108696~0.5~0.5108696~0.5~0.5108696, CustomDecal><856.4203><136.3166><-79~433~-991~239~-566~-5~372~-456.0006~0.0326087~0.4130435~0~FaceAndTag~0.4130435~0.3695652~0.4130435~0.3695652~0.4130435~0.3695652~0.4130435~0.3695652, CustomDecal><58.97351><237.1982><-22~97~362~144~184~-57~-250~-560~0.3478261~0.423913~0~GummiWorms~0.2826087~0.5869565~0.5~0.5869565~0.7391304~0.5869565~0.5~0.5869565, CustomDecal><98.92224><453.1483><-19~160~215~170~215~-21~-157~-776~0.326087~0.423913~0~StickEyes~0.1521739~0.3478261~0.9239131~0.5978261~0.5~0.3478261~0.2173913~0.3478261, CustomDecal><754.4277><287.1533><-2~64~54~74~51~1~-258~-608~0.3369565~1~0~Ghostling2~0.5217391~0.4456522~0.2065217~0.4456522~0.4456522~0.4456522~0.3152174~0.4456522, CustomDecal><1218.257><236.0501><-38~228~664~478~548~-34~149~-553.959~0.3152174~0.75~0~StoneHeadDefacing~0~0.2826087~0~0.2826087~0.7826087~0.2826087~0.2282609~0.2826087, CustomDecal><1364.53><293.9478><-15~87~404~108~413~-18~281~-610.948~0.326087~0.4673913~0~NoseNinja~0.4565217~0.4673913~0.8804348~0.1847826~0.1847826~0.1847826~0.5652174~0.1956522, CustomDecal><1895.364><256.9144><0~40~-41~47~-38~-2~28~-570~0~1~0~Ghostling3~0.5~0.3804348~0.5~0.3804348~0.5~0.3804348~0.1630435~0.3804348, CustomDecal><1514.976><341.5515><1~229~-156~250~-247~14~270~-658.9999~0.6304348~1~0~CyanSperm~0.5108696~0~0.4673913~0~0.25~0.3804348~0.4673913~0.5, CustomDecal><1266.838><381.4297><0~86.34583~177.1197~86.34583~177.1197~0~239~-699.9803~0.6413044~1~0~WhiteTag7~0.6195652~0~0.4456522~0~0.1956522~0.7173913~0.1195652~0.5652174, SnowSource><953.345><287.6237><Radial~296~277~292~276.6025~0.8043478~1, SnowSource><434.6456><405.0794><Radial~-72~171~-543~-413.3975~0.6521739~1, SnowSource><715.1041><418.8868><Radial~-1~206~-571~-425.3975~0.6086956~1, SnowSource><1291.905><409.376><Radial~-4~-171~206~159.6025~0.6521739~1, SnowSource><1534.567><412.8296><Radial~144~122~216~155.6025~0.5~1, Stowaway><936.1662><667.5478><-1~-24, 
AmbientSounds: SPOT><Basic Mech.ogg><82.1731><461.1846><0.2065217><1><-55.82697><319.3787><-32.35535><-67.35535><0><0.3826088, SPOT><Basic Mech.ogg><850.5665><586.4386><0.2608696><1><1475.394><170.4422><-35.35534><-35.35534><0><0.3500001, SPOT><Basic Mech.ogg><754.8308><162.1433><0.2826087><0.9021739><638.8264><142.2208><-56.35535><-57.35535><0><0.3826088, OMNI><AM_IND-Warehouse01.ogg><701.9348><680.9391><0.4782609><1, SPOT><AM_ENV-NatWind.ogg><752.5517><489.9741><0.25><1><1329.552><675.98><-35.35534><-35.35534><0><0.3065219, 
FadePalette: 20, 0.3478261, 0.3478261
WetTerrain: OFF
