Template: HI_SettingsTemplate_Inside
DangerType: Blizzard
CeilingDrips: 0
RainIntensity: 0.2717391
RumbleIntensity: 0.25
WaveSpeed: 0.4999632
WaveLength: 0.9320468
WaveAmplitude: 0.01358695
SecondWaveLength: 1
SecondWaveAmplitude: 0.0001
RandomItemDensity: 0.25
RandomItemSpearChance: 0.25
Palette: 0
PlacedObjects: ReliableSpear><905.8149><1013.576><, InsectGroup><768.0539><1393.461><-153~97~154.0001~74~Moth~0.5000004, InsectGroup><256.6531><1021.925><-153~-19~663~513~WaterGlowworm~0.5, CustomDecal><114.2817><1070.448><-432~556~891~574~996~-265~804~-153~0~1~0~Vertical Pink~0.2717391~0.3586957~0.5~0.9239131~0~0.9239131~0.5434783~0.9239131, CustomDecal><-11.31146><971.3168><309~644~1090~699~1282~-113~-161.0001~-63~0~1~0~Big Letters~0~0.6195652~0.5760869~0.2826087~1~0.5978261~0.5~0.4130435, CustomDecal><137.3849><991.3364><-7~449~850~461~853~-19~-289~70~0.3804348~1~0~HugeShiny~1~0.04347826~0.6630435~0~1~0.1195652~0.3804348~0, CustomDecal><135.0654><1090.577><-36~421~267~451~312~-3~3~-413~0.6521739~1~0~BigCartoonHead~1~0.2608696~0.3043478~0.2065217~0~0~0.5326087~0, CustomDecal><709.05><1061.496><4~244~347~274~295~-18~220.0001~-6~0.6413044~1~0~PR~1~0.2391304~1~0~1~0~1~0.3369565, CustomDecal><505.5674><1105.562><-22~66~60~120~96~7~-102~-430~0.3804348~1~0~WhiteTag~1~0~1~0~1~0.3695652~1~0.4347826, CustomDecal><241.3029><1126.466><-6~82~190~85~167~1~-410~88~0.6630435~1~0~junkGraffiti2~1~0~1~0~1~0.2717391~1~0.5, CustomDecal><100.4183><1125.608><11~138~276~160~289~-23~-270~238~0.6521739~1~0~ShinyTag(Var)~1~0~1~0~0~0.3695652~0.6521739~0.4456522, CustomDecal><192.936><951.1769><-57~172~906~191~847~2~468~-279~0.1630435~0.4021739~0~Long Tag~0.2608696~0.4673913~1~0.4673913~1~0.4673913~1~0.4673913, CustomDecal><80.57947><1132.646><31~483~347~524~292~-32~-249~155~0.326087~1~0~RustB1~1~0.9130435~1~0.9130435~0.2717391~0.9130435~0.7608696~0.9130435, CustomDecal><380.4489><578.5212><-8~430~139~432~137~-5~-418~-699.0003~0~1~0~RustB2~1~0.6630435~1~0.6630435~0.2065217~0.6630435~1~0.6630435, CustomDecal><403.0612><642.5596><-5~375~95~382~90~1~-575~-763~0~1~0~RunningWhite~1~1~1~1~0.6304348~1~0~1, CustomDecal><560.8879><401.395><14~649~144~674~140~-8~-461~-521~0~1~0~RustB2~1~1~1~1~0.7173913~0~0.4130435~0, CustomDecal><753.8636><571.4146><-19~417~134~426~115~-21~-519~-695~0~1~0~RustB3~1~0.7173911~1~0.7173911~0.391304~0.7173911~0.3043474~0.7173911, CustomDecal><687.6621><703.8671><-2~326~-101~324~-105~-2~-183~-826~0~1~0~RunningWhite~0.8260869~1~0.75~1~0.2391304~1~0.1086956~1, CustomDecal><761.9008><629.0764><-8~383~93~385~92~8~-389~-751~0~1~0~RunningWhite~0.7717391~1~0.7717391~1~0.07608695~1~0.1304348~1, DevToken><816.5632><1159.44><61~23~110.0001~188~0~~~0~0~0~1, DangleFruit><529.3192><1363.336><-100~182~4~6, DangleFruit><836.8453><1314.074><-158~231~5~7, SnowSource><458.6726><372.351><Radial~-53~54~-520~-189.3975~0.6086956~1, SnowSource><198.1788><663.5896><Radial~-86~21~-382~-385.3975~0.5~0.5, SnowSource><162.4012><526.1268><Radial~40~61~-348~-166.3975~0.5~1, SnowSource><228.0634><582.1772><Radial~19~46~-414.0049~-143.3975~0.6086956~1, SnowSource><284.6566><1748.574><Radial~-45~79~-443~29.60254~0.4565217~0.25, SnowSource><496.1915><1996.808><Radial~-33~125~-652~-61.39746~0.4021739~0.5, SnowSource><518.398><1883.328><Radial~-56~74~-677~-29.39746~0.2826087~0, 
AmbientSounds: SPOT><AM_ENV-LightWind.ogg><122.8796><443.6523><0.3043478><1><524.8796><2052.652><-100.3553><-27.35535><0><0.1, SPOT><AM_IND-Utility01.ogg><442.9618><178.5537><0.4130435><1><80.96179><1066.554><-104.3553><-96.35535><0><0.1326088, 
FadePalette: 20, 0.4021739, 0.4347826, 0.4021739
WetTerrain: OFF
