Template: HI_SettingsTemplate_Inside
DangerType: Blizzard
CeilingDrips: 0
RainIntensity: 0.1956522
RumbleIntensity: 0.1847826
WaveSpeed: 0.5010368
WaveLength: 0.9505686
WaveAmplitude: 0.009782607
SecondWaveLength: 1
SecondWaveAmplitude: 0.0001
RandomItemDensity: 0.25
RandomItemSpearChance: 0.25
Palette: 0
Effects: Coldness-1-20-20, 
PlacedObjects: CustomDecal><52.05072><1567.233><-19~174~696~146~533~1~-206~4~0~0.3695652~0~BlueWhiteJunk~0.2173913~1~0.2173913~1~0.2173913~1~0.2173913~1, CustomDecal><134.1949><1662.545><-41~218~171~140~195~-10~-320~140~0.5434783~1~0~medusa~0.3913043~0.2391304~0.3913043~0.2391304~0.3913043~0.2391304~0.3913043~0.2391304, CustomDecal><680.5692><1498.086><1~318~126~318~170~-26~-865~331~0.06521739~1~1~RunningWhite~0.6195652~1~0.6195652~1~0.6195652~1~0.6195652~1, CustomDecal><272.7566><1726.3><180~540~776~524~753~-110~-458~156~0~1~1~Rust3~0.5~1~0.5~1~0.5~1~0.5~1, CustomDecal><115.2833><1693.053><-88~395~576~376~456~-24~-300~165~0.5434783~1~1~BoneType~0.5326087~0.3478261~0.5326087~0.3478261~0.5326087~0.3478261~0.5326087~0.3478261, CustomDecal><485.1463><1642.921><-141~408~496~602~414~-102~408.9999~-321~0.6195652~1~0~PillMan~0.4130435~0.3369565~0.4130435~0.3369565~0.4130435~0.3369565~0.4130435~0.3369565, CustomDecal><357.7642><1258.449><-51~396~173~400~144~-12~537~-247~0.2065217~1~0~Rust2~0.6413044~1~0.6413044~1~0.6413044~1~0.6413044~1, CustomDecal><169.93><1257.337><-28~403~154~364~165~-27~-354~-202~0.2173913~1~0~Rust2~0.7934783~1~0.7934783~1~0.7934783~1~0.7934783~1, CustomDecal><161.4409><1020.559><1~216~556~205~579~-247~-344~-274~0.1086956~1~0~ThreeFaces~0.3478261~0.6413044~0.3478261~0.6413044~0.3478261~0.6413044~0.3478261~0.6413044, DangleFruit><221.3245><1864.654><-76~126~3~5, CustomDecal><675.9411><1507.941><-23~272~187~275~116~-33~215.0001~129~0.2282609~1~0.75~Rust2~1~0.9456522~1~0.9456522~1~0.9456522~1~0.9456522, CustomDecal><18.19312><1490.942><-186~610~863~762~985~-17~870~453~0.5326087~1~1~Rust2~0.4782609~1~0.4782609~1~0.4782609~1~0.4782609~1, SnowSource><325.8018><429.7768><Radial~23~114~50~86.60254~0.5~0, SnowSource><498.9558><1122.055><Radial~-26~94~399~-202.3975~0.6086956~1, SnowSource><615.119><1331.161><Radial~-43~34~283~-486.3975~0.6739131~0.5, SnowSource><651.1532><1210.622><Radial~-27~21~246~-438.3975~0.6086956~1, SnowSource><585.8344><1271.112><Radial~-26~34~58~-499.3975~0.5000004~1, 
AmbientSounds: SPOT><SO_WAT-MoreDrips.ogg><740.9459><606.7902><0.423913><1><696.9459><414.983><-149.3553><-275.3553><0><0.5565219, SPOT><SO_IND-MechHum03.ogg><730.4449><339.9553><0.3804348><1><814.4449><2143.955><-83.35535><-124.3553><0><0.4478262, 
FadePalette: 20, 0.2282609, 0.4347826, 0.4891304
WetTerrain: OFF
