Template: CC_SettingsTemplate_Inside
DangerType: Blizzard
CeilingDrips: 0
RainIntensity: 0.4673913
RumbleIntensity: 0.3695652
WaveSpeed: 0.501043
WaveLength: 0.8826306
WaveAmplitude: 0.02336956
SecondWaveLength: 1
SecondWaveAmplitude: 0.0001
Clouds: 0.4565217
Grime: 0.326087
BkgDroneVolume: 0.2869565
RandomItemDensity: 0.25
RandomItemSpearChance: 0.25
Palette: 0
Effects: Coldness-1-20-20, Dustpuffs-0.3369565-30-30, 
PlacedObjects: Mushroom><1717.683><196.9185><299~211~5~8, Mushroom><1633.893><242.64><381~245~5~8, Mushroom><1469.199><219.9777><545~342~5~8, VultureGrub><1373.898><173.3284><637~-207~0~50, CustomDecal><110.4498><51.75845><-32~480~1094~903~1065~-6~-155~282~0~0.1847826~0~Long Tag~0.2282609~0.3478261~0~0.3478261~0.1086956~0.3478261~0.5869565~0.3478261, CustomDecal><13.37286><-8.654388><-62~730~1118~717~1193~-26~32~-297~0~1~0~RustB1~0.7826087~1~0~1~0~1~1~1, CustomDecal><49.85095><251.4226><5~143~433~166~430~19~-315~-538~0~0.1086956~0~GreySnoopy~0.5~0.2065217~0.1521739~0.6630435~0.3369565~1~0.5326087~0.3369565, CustomDecal><1.054565><11.20764><5~484~941~469~966~-10~-101~10~0~0.2608696~0~UNQ - Big Fishes~0.423913~0~1~0~1~0.4565217~0.5869565~0, CustomDecal><454.3417><322.1277><-15~119~-278~78~-222~-31~169~-598~0~1~0~WhiteJunkArrows~1~0~0.3804345~0~0.3152172~1~0.5~1, CustomDecal><616.9474><271.7183><-23~200~358~174~311~-27~-269~-565~0~0.1413043~0~BoneType~0.5~0~0.2826087~0~0.3695652~0.7173913~0.2608696~1, CustomDecal><633.5652><77.9234><-3~124~157~143~176~12~281~-399~0~1~0~WhiteUnfinished~0.6739131~0.4673913~0.7282609~0~0.8913044~0.8152174~0.6086956~0.8478261, CustomDecal><1215.759><4.942581><0~525.0791~795.3658~525.0791~795.3658~0~-166.9885~-329.0587~0.6521739~0.6956522~0~YCIO~0.7717391~0~0.4565217~0.1847826~0~0.6956522~0~0.6086956, CustomDecal><1952.148><185.8834><-15~62~39~65~43~6~-355~-511~0~1~0~Ghostling1~0.6413044~0.2826087~0.5~0.2826087~0.1847826~0.2826087~0.5~0.2826087, CustomDecal><1539.088><480.1323><0~135~128~135~128~0~-356~-808~0.4565217~1~0~OwlFace~0.08695652~0~0.4456522~0.3478261~0.6086956~1~0.08695652~0.1847826, CustomDecal><1255.956><105.6952><0~282~703~282~703~0~66~-431~0.6521739~0.6739131~0~CandyTag~0.6738779~0.6630435~0.6304348~0.6630435~0~0.6630435~0~0.6630435, CustomDecal><1466.051><190.227><8~241~79~253~77~-2~-7~-515~0.5760869~1~0~CactusMan~0.9456522~0~0.7826087~0~0.2282609~0.5434783~0.4565217~0.5978261, CustomDecal><1734.142><166.3905><-2~135~95~129~96~-11~0~-492~0~1~0~WhiteBubblyS~0.5652174~0.1956522~0.2065217~0.3586957~0.6195652~1~0.2608696~0.6956522, ExitSymbolHidden><1892.183><70.91841><, SnowSource><1567.436><212.3236><Radial~243~62~443~-168.3974~0.8043478~0.8043478, LocalBlizzard><1571.656><723.8752><111~-435~441~-81.39752~0.5760869~0.9021739~0.75, Mushroom><1818.05><184.2627><201~147~5~8, Mushroom><1876.442><124.9413><143~129~3~5, 
AmbientSounds: SPOT><AM_IND-Utility02.ogg><750.4036><456.8248><0.3369565><1><1344.404><506.8248><-163.3553><-76.35535><0><0.3934784, SPOT><SO_IND-Fridge.ogg><748.0532><367.0359><0.2934783><1><1556.053><5.035919><-175.3553><54.64466><0><0.3608697, SPOT><Basic Mech.ogg><724.1719><158.3159><0.25><1><189.1719><113.3159><-189.3553><142.6447><0><0.6652175, OMNI><SO_WAT-LilDrips.ogg><659.2438><633.0501><0.1956522><1, OMNI><AM_ENV-LightWind.ogg><820.1393><601.5834><0><1, OMNI><AM_ENV-WinterHum.ogg><651.9423><563.8085><0.2173913><1, 
FadePalette: 8, 0.5869565, 0.5869565
WetTerrain: OFF
