Template: CC_SettingsTemplate_Gutter
DangerType: Blizzard
CeilingDrips: 0
RainIntensity: 0
RumbleIntensity: 1
WaveSpeed: 0.5
WaveLength: 1
WaveAmplitude: 5.605194E-45
SecondWaveLength: 1
SecondWaveAmplitude: 0.0001
RandomItemDensity: 0.25
RandomItemSpearChance: 0.25
Palette: 55
Effects: BorderPushBack-1-264-124, Coldness-1-267-65, DirtyWater-1-254-180, 
PlacedObjects: PlayerPushback><-161.8447><1301.176><198~-206, NoSpearStickZone><100.8281><1237.398><191~166, LightSource><521.1877><3786.681><0.1086956~Environment~421~-465~-704~-186.3975~1~1~None~0~0, NoSpearStickZone><1545.526><2388.802><221~-245, LightSource><1666.247><2134.2><0.04348091~Environment~-876~-255~185~143.6009~1~1~None~0~0, LightSource><1711.718><1805.803><0.02173913~Environment~-595~41~135.9908~-33.43018~1~1~None~0~0, LightSource><1757.196><1456.961><0.08695652~Environment~-931~-255~109~-577.3975~1~1~None~0~0, LightBeam><1571.174><1323.663><-367~1116~242~1115~234~-6~280~306.8105~0.09565204~0.04347826~0~1~None~0~0, CustomDecal><418.8217><3046.437><-198~247~481~264~294~-21~-331~-297~0.5108696~1~0~Barnacle~0.3152174~0.3913043~0.3152174~0.3913043~0.3152174~0.3913043~0.3152174~0.3913043, CustomDecal><296.8018><3147.807><-64~286~166~311~151~-50~-490~-399~0.2391304~0.4130435~0~Rust1~0.5760869~0.9130435~0.5760869~0.9130435~0.5760869~0.9130435~0.5760869~0.9130435, CustomDecal><442.8745><3114.344><-56~309~183~376~127~-99~-218~-366~0.2934783~0.4891304~0~Rust2~0.6630435~1~0.6630435~1~0.6630435~1~0.6630435~1, CustomDecal><585.61><3090.668><0~356~196~365~149~-58~305~-340.0205~0.2826087~0.3804348~0~RustB1~0.6521739~0.4130435~0.6521739~0.4130435~0.6521739~0.4130435~0.6521739~0.4130435, LightSource><1101.41><3656.371><0.08695652~Environment~365~-154~102~-297.3975~1~1~None~0~0, LightSource><879.4297><3551.913><0.08686895~Environment~236~151~2~-490.3975~1~1~None~0~0, ReliableSpear><351.6503><3196.424><, ReliableSpear><386.5554><3161.204><, ReliableSpear><692.6596><3204.429><, ReliableSpear><652.8624><3180.086><, InsectGroup><493.0522><3545.97><222~116~-672~-14~Moth~0.5, CustomDecal><270.8342><3136.638><1~308~499~304~521~-25~-323~-386~0.1956522~0.5760869~0~UNQ - uguu~0.6521739~0.05434782~0.4130435~0.3369565~0.6413044~0.1195652~0.7608696~0.1847826, WaterNut><202.2534><1083.2><-313~-188~4~7, WaterNut><230.1484><1095.116><-84~-198~4~7, SnowSource><1533.053><1104.463><Radial~-713~-243~331~-113.3975~0.5~0.75, SnowSource><1587.691><2064.809><Radial~468~-561~264.0018~123.5989~0.5543478~0.9021739, SnowSource><537.0605><3488.314><None~320~-262~-717~-48.39746~0.3043478~0.75, SnowSource><521.3857><3152.914><Radial~107~149~-636~-95.39746~0.75~0.8043478, 
AmbientSounds: SPOT><AM_IND-Utility02.ogg><-2.091736><52.37228><0.6086956><1><1180.908><3188.372><103.6447><264.6447><0><0.4369566, SPOT><SO_IND-Humm.ogg><651.6032><597.8858><0.2391304><1><1506.604><3728.886><217.6447><-203.3553><0><0.4369566, OMNI><AM_SUB-CaveTone.ogg><829.8311><562.6072><0.3586957><0.9413043, OMNI><SO_IND-Humm.ogg><830.658><489.1274><0.1956522><1.097826, SPOT><SO_WAT-OpenFlow.ogg><833.0279><380.8019><0.7065217><1.019565><544.0279><1089.106><992.6447><-55.35535><0.4456522><0.5434783, SPOT><SO_NAT-LilDrips.ogg><839.3093><167.1896><0.5><1><1224.309><1241.19><384.6447><-91.35535><0><0.5456523, SPOT><SO_WAT-MoreDrips.ogg><840.9342><52.92206><0.5869565><1.176087><466.9343><901.9221><-652.3553><455.6447><0><0.6217393, SPOT><SO_NAT-WindTunnel.ogg><661.8909><51.5824><0.423913><1.195652><-162.1091><1299.583><158.6447><17.64465><0><0.2086958, SPOT><AM_IND-DeepHum.ogg><654.374><488.1554><0.2826087><1><1785.374><3751.155><-67.35535><-77.35535><0><0.5347828, OMNI><AM_ENV-NatWind.ogg><662.5912><415.1284><0.2826087><1, 
FadePalette: 28, 0.8695652, 0.8260869, 0.7826087, 0.7173913, 0.6413044, 0.5869565, 0.7173913, 0.6630435
WetTerrain: OFF
