Template: SL_SettingsTemplate_Sewer
DangerType: Blizzard
CeilingDrips: 0
RainIntensity: 0.1413043
RumbleIntensity: 0
WaveSpeed: 0.5029774
WaveLength: 0.9631852
WaveAmplitude: 0.007065213
SecondWaveLength: 1
SecondWaveAmplitude: 0.0001
Clouds: 0
RandomItemDensity: 0.25
RandomItemSpearChance: 0.25
Palette: 0
Effects: Fog-0.3478261-20-20, Coldness-1-30-30, 
PlacedObjects: CustomDecal><28.68085><181.4146><-117~350~647~478~616~-179~-197~-502~0.0326087~0.3152174~0~Rust3~0.8695652~1~0.8695652~1~0.8695652~1~0.8695652~1, CustomDecal><324.9445><291.7967><-42~367~481~396~366~-69~-72~-610~0.0326087~0.423913~0~Rust1~0.5652174~1~0.5652174~1~0.5652174~1~0.5652174~1, CustomDecal><285.1031><-28.3642><-173~713~636~695~294~0~-171~-289~0~1~0~RustB3~0.4347826~1~0.4347826~1~0.4347826~1~0.4347826~1, CustomDecal><52.38934><155.3935><-136~237~385~348~364~-12~-80~-476~0.02173913~1~0.6521739~Rust2~0.5434783~0~0.5434783~0~0.5434783~0~0.5434783~0, CustomDecal><604.6314><20.90076><-18~675~547~566~508~-124~-70~-340~0.01086957~0.2391304~1~Rust1~0.9130435~1~0.9130435~1~0.9130435~1~0.9130435~1, CustomDecal><509.4065><228.3745><-17~241~196~248~173~-74~-115~-547~0.5760869~1~0.3695652~Rust2~0.7826087~0.3586957~0.7826087~0.3586957~0.7826087~0.3586957~0.7826087~0.3586957, LightSource><1508.152><717.8706><0.1195652~Environment~207~-750~414~-96.39752~1~1~None~0~0, LightBeam><1475.561><240.6851><-146~523~129~523~235~-89~450~240~0.03043465~0~0~1~None~0~0, CustomDecal><1015.36><24.89319><-62~661~533~611~417~-10~72~-337~0.02173913~0.2934783~0~Rust2~0.6630435~1~0.6630435~1~0.6630435~1~0.6630435~1, CustomDecal><873.6433><71.66916><-88~371~689~553~359~-95~-40~-384~0.25~0.6956522~0~Rust2~0.4456522~1~0.4456522~1~0.4456522~1~0.4456522~1, CustomDecal><1519.051><232.3067><16~432~590~398~447~-286~-181~-544~0.02173913~0.2391304~1~RustB2~1~1~1~1~1~1~1~1, CustomDecal><1607.117><142.6006><-55~512~464~407~426~-139~-18~-456~0.2065217~1~0.8478261~Rust1~0.5652174~1~0.5652174~1~0.5652174~1~0.5652174~1, JellyFish><581.521><267.8011><-409~-277~4~6, JellyFish><1477.529><261.1979><458~-306~4~6, JellyFish><450.8147><272.1748><-533~-280~4~6, 
AmbientSounds: DIR><AM_WAT-Shoreline.ogg><787.6199><577.9019><0.2608696><1><4.856105><0, SPOT><AM_WIN-MedWind.ogg><786.0695><470.086><0.2826087><1.136956><1498.069><722.086><26.64465><-234.3553><0><0.3391306, OMNI><AM_WIN-SubWnd.ogg><783.4088><178.1216><0.173913><1, SPOT><SO_WAT-Splashes.ogg><584.3077><295.9452><0.2173913><1><490.3077><716.9452><-156.3553><-158.3553><0><0.6108697, 
FadePalette: 8, 0.6086956, 0.6086956
WetTerrain: OFF
