Template: SL_SettingsTemplate_Sewer
DangerType: Blizzard
CeilingDrips: 0
RainIntensity: 0.1847826
RumbleIntensity: 0
WaveSpeed: 0.5057337
WaveLength: 0.9509375
WaveAmplitude: 0.009239126
SecondWaveLength: 1
SecondWaveAmplitude: 0.0001
Grime: 0.2304349
RandomItemDensity: 0.25
RandomItemSpearChance: 0.25
Palette: 0
Effects: Fog-0.2391304-0-0, WaterDepth-0.06521739-2-66, Coldness-1-2-129, 
PlacedObjects: CustomDecal><226.8426><860.6266><30~303~160~366~153~-29~-81~260~0~0.09782609~1~RustB2~0.7934783~1~0.7934783~1~0.7934783~1~0.7934783~1, CustomDecal><438.8147><960.4247><-2~426~157~407~168~-27~214~144~0~0.1195652~0.9021739~Rust2~0.7608696~0.5217391~0.7608696~0.5217391~0.7608696~0.5217391~0.7608696~0.5217391, CustomDecal><203.1147><704.6027><-13~401~408~738~383~-68~461~95~0.09782609~1~0.8586951~Rust1~0.6521728~1~0.6521728~1~0.6521728~1~0.6521728~1, CustomDecal><466.3439><54.57339><-9~992~109~999~85~-21~-491~732~0.1521739~1~1~Rust3~0.4673913~1~0.4673913~1~0.4673913~1~0.4673913~1, CustomDecal><43.30652><275.0507><-107~173~363~180~441~-90~-68~-579~0~1~0.9673913~Rust2~0.5652174~0.3586957~0.5652174~0.3586957~0.5652174~0.3586957~0.5652174~0.3586957, CustomDecal><358.3982><286.6343><-162~445~272~449~220~-167~-106~-588~0.173913~1~0.9130435~RustB3~0.4565217~0.7608696~0.4565217~0.7608696~0.4565217~0.7608696~0.4565217~0.7608696, CustomDecal><128.17><170.1447><-255~258~996~254~933~-27~-16~-472.9946~0.05434782~1~0.4782609~DirtyWaterLine~0.8369565~0.6086956~0.8369565~0.6086956~0.8369565~0.6086956~0.8369565~0.6086956, CustomDecal><1048.162><320.6179><-30~326~144~371~166~-40~872~-619~0.2826087~1~0~Rust2~0.3804348~0.7173913~0.3804348~0.7173913~0.3804348~0.7173913~0.3804348~0.7173913, CustomDecal><1415.434><241.0772><-172~192~528~200~575~-127~78~-540~0.4891304~1~0~DirtyWaterLine~0.4021739~1~0.4130435~1~0.9456522~1~0~1, CustomDecal><1116.426><317.655><-200~403~600~428~409~-231~521~-615.9999~0~0.173913~0.75~RustB3~0.7934783~1~0.7934783~1~0.7934783~1~0.7934783~1, CustomDecal><1340.098><205.1196><-131~531~711~385~479~-227~14~-504~0~0.173913~0~Rust2~0.7826087~1~0.7826087~1~0.7826087~1~0.7826087~1, CustomDecal><1341.678><236.4096><-162~445~491~294~410~-206~439~-534~0.4130435~1~0.6413044~Rust3~0.1847826~0.7717391~0.1847826~0.7717391~0.1847826~0.7717391~0.1847826~0.7717391, CustomDecal><-17.94995><160.504><-198~402~799~524~618~-44~-144~-463~0~0.2608696~1~Rust3~0.5217391~1~0.5217391~1~0.5217391~1~0.5217391~1, CustomDecal><665.8286><511.6469><-62~289~370~244~303~-33~-274~-812~0~0.2717391~0~RustB2~0.6521739~1~0.6521739~1~0.6521739~1~0.6521739~1, WaterNut><1367.6><425.173><547~-414~3~5, ReliableSpear><121.449><360.8067><, ReliableSpear><1188.689><400.9336><, ReliableSpear><1117.502><428.2><, 
AmbientSounds: SPOT><SO_WAT-RunningWater.ogg><800.5509><473.9808><0.2826087><1><507.5509><1003.981><8.644653><-390.3553><0><0.5978261, SPOT><SO_WAT-OpenFlow.ogg><805.447><576.9657><0.4782609><1><508.447><1103.966><48.64465><-420.3553><0><0.5108696, SPOT><SO_WAT-Splashes.ogg><624.9804><472.949><0.3043478><1><525.9804><254.9487><368.6447><454.6447><0><0.4586958, OMNI><AM_WIN-SubWnd.ogg><625.1552><600.1261><0.1521739><1, DIR><AM_WAT-Shoreline.ogg><805.5935><162.6246><0.2717391><1><-1.100311><0, 
FadePalette: 8, 0.5652174, 0.5978261, 0.6195652
WetTerrain: OFF
