Template: NONE
DangerType: None
CeilingDrips: 0
RainIntensity: 0.2065217
RumbleIntensity: 0
WaveSpeed: 0.4988655
WaveLength: 0.9478023
WaveAmplitude: 0.01032608
SecondWaveLength: 1
SecondWaveAmplitude: 0.0001
Clouds: 1
Grime: 0.1195652
RandomItemDensity: 0.25
RandomItemSpearChance: 0.25
WaterReflectionAlpha: 1
Palette: 4
EffectColorA: 2
EffectColorB: 1
Effects: WaterDepth-0.05434782-20-20, Coldness-1-22-71, 
PlacedObjects: CustomDecal><729.4597><193.5541><0~389~280~389~280~0~-731~-485~0.326087~0.3913043~0~MutantRabbit~0.6630435~0.1847826~0.3478261~0.1086956~0.5~0.2826087~0~0.25, CustomDecal><730.9709><103.8021><-2~241~272~245~263~53~-170~-390~0.3152174~1~0~SR~1~0.5652174~0.6086956~0.5652174~0~0.5652174~0.5217391~0.5652174, CustomDecal><142.0445><117.805><0~339~203~339~203~0~700~-404~0.326087~1~0~Actual Vertical Pink~0.1956522~0.173913~1~0~0.8043478~0.3586957~0~0.8695652, CustomDecal><217.658><181.1226><0~145.1826~87.62498~145.1826~87.62498~0~63~-471~0.3152174~1~0~WhiteTag~0.6195652~0~1~0~0.7608696~0.5~0.1630435~0.423913, CustomDecal><624.2447><48.05008><0~251~193~251~193~0~76~-334~0.6521739~1~0~UNQ - FacePlug~0.75~0~0~0~0~0.5108696~0.6195652~0.4130435, CustomDecal><293.999><86.29999><0~412.5882~141.2973~412.5882~141.2973~0~121~-375~0.6630435~1~0~CactusMan~0.7173913~0~0.5869565~0.1956522~0.2934783~0.4021739~0.4021739~0.4347826, CustomDecal><405.3866><555.1647><-10~109.8666~300.6942~105.8666~292.6942~20~-543~-843~0.3043478~0.3586957~0~BlueWhiteJunk~0.3478261~0~0.5434783~0.4021739~0~0.3152174~0.5978261~0.7173913, CustomDecal><786.3833><193.9124><26~69.62259~196.0206~56.62259~165.0206~-20~194~-480~0.326087~1~0~WhiteTag7~0.9239131~0~0.8804348~0~0~1~1~0.5543478, CustomDecal><104.8004><55.73682><-54~148~1074~144~1041~-8~35.00002~-345~0.01086957~1~0~DirtyWaterLine~1~0.5434783~0.5326087~0.5434783~0~0.5434783~0~0.5434783, LightSource><547.8002><369.2415><0.2934783~Environment~590~241~402~273.6025~1~0~None~0~0, SnowSource><578.0782><377.8159><Radial~586~-473~384.9999~-355.3975~0.9021739~0.7065217, 
AmbientSounds: OMNI><SO_WAT-OpenFlow.ogg><724.1822><472.9381><0.2173913><1, SPOT><SO_WAT-RunningWater.ogg><732.4119><358.1325><0.2608696><1><746.4119><102.1325><-186.3553><134.6447><0><0.5565219, OMNI><AM_ENV-NatWind.ogg><735.683><548.9193><0.2717391><1, SPOT><AM_ENV-WinterHum.ogg><746.0737><221.9055><0.4456522><1><539.0737><255.9055><-183.3553><-200.3553><0><0.3826088, 
FadePalette: 0, 0.2391304
WetTerrain: OFF
