DangerType: Blizzard
RainIntensity: 0.2065217
RumbleIntensity: 0.1847826
BkgDroneVolume: 0
Palette: 21
AmbientSounds: OMNI><AM_SUB-BlankState.ogg><832.1908><651.941><0.2717391><1, OMNI><AM_SUB-CaveTone.ogg><656.9767><653.4486><0.3369565><1, 
FadePalette: 0, 0.3369565
